10.4398718279601,-240.2599743551762
9.300794732279611,-238.73739668593277
9.124343039854647,-236.748025546533
8.834103614156701,-234.76981410420746
8.457801067658583,-232.80546145585453
8.221939396858215,-230.82329408678984
8.212595355808736,-228.82355325443604
8.402680176363793,-226.83563285880723
8.804678073759423,-224.87649921182748
9.284367360686739,-222.93553865169585
9.994132009643055,-221.06752164216246
10.911743477806722,-219.29122505889754
11.948244471752822,-217.5807882901754
13.038330852083234,-215.90388772910592
14.080311923109486,-214.1972300639498
15.03353501361329,-212.4395715095196
15.699685256238771,-210.55960845581936
15.760065845472859,-208.5631625602532
15.81955633322621,-206.56722804553982
16.65448027923703,-204.75800497457385
17.406185835694085,-202.90574622457893
18.289590331633697,-201.11156145779464
19.22572950358893,-199.34421715758964
20.212718775429856,-197.60472984284175
21.22248547580719,-195.87875556589012
22.157644982204072,-194.1110174580806
23.02354754028958,-192.30830693169645
23.661157756090688,-190.4195180170069
23.964932421547744,-188.44285761494706
24.18564137510627,-186.455095987306
24.470865156786093,-184.47580460860846
24.940378707082125,-182.53362220555198
25.841132484205886,-180.7559400641243
26.707909905118644,-178.95820617174266
27.961757151170374,-177.4034243918374
29.413100612424024,-176.02880127028098
30.924401333665557,-174.71858507209276
32.404141051324515,-173.37357328681333
33.826642202408394,-171.96780227488762
35.173714135868046,-170.4898011408261
36.458080298921146,-168.95678261450922
37.706675887128455,-167.39464664443756
38.92682792032041,-165.80975011628996
40.054974426707375,-164.15941639561058
40.911827035735875,-162.35604964244243
41.60449470707816,-160.48071080219106
42.53016366754426,-158.7098573345694
43.881494613056866,-157.25872231214248
45.61730519585487,-156.26742946931714
47.42091940235347,-155.40346121316776
49.249015353789254,-154.5926831752661
51.08561783438343,-153.8008900743656
52.92520091211273,-153.01601550273108
54.76581476414896,-152.23364327576488
56.59391045956271,-151.42260565554363
58.38957269401053,-150.542997735858
60.107454350793276,-149.52066864500384
61.694045358425065,-148.3045715134291
63.15359590381104,-146.93800347468613
64.53845080494881,-145.49530238699168
65.89014857649562,-144.02122523135165
67.25278849485301,-142.55749655665568
68.65537473693604,-141.13176088238936
70.13306457519532,-139.78503051757812
71.49800590242492,-138.32808978606482
72.59844506170805,-136.65878541625133
73.81094307385152,-135.07079676056804
73.41034097544365,-133.4135942002565
72.15160295361787,-131.85945601730592
70.8849044730072,-130.31177631976783
69.61182714287004,-128.7694383145971
68.34139105339094,-127.22453462198652
67.08093432233203,-125.67192222516091
65.84500139951706,-124.09968493580818
64.74080818545838,-122.43300065387139
63.81273702476173,-120.6631357778469
63.17097403606731,-118.79993582556176
61.6628413763664,-117.49684960055212
59.97551233325021,-116.42359278239823
58.24768256323725,-115.41699419531315
56.540430828601345,-114.37505798462729
54.8806908900896,-113.26001277615316
53.288590788716974,-112.04935761660094
51.64331003666157,-110.91273957757542
49.95618450864826,-109.83868330789683
48.25133603342904,-108.79303963765952
46.54474226930526,-107.75041390599219
44.86275314096809,-106.66833789182805
43.208620686904666,-105.54446589084775
41.58136762287668,-104.38173867956472
39.97874341664211,-103.18515877670222
38.39770892460427,-101.96045734172388
36.834561031205645,-100.71279742698559
35.2861604069375,-99.44693999768174
33.748728740645745,-98.16775057505991
32.199949832707645,-96.90210274487734
30.631922277620642,-95.66087956714314
29.20343068959316,-94.2636902836174
28.001302756496326,-92.66804673082673
27.13234136559954,-90.87213779143968
27.065415927875076,-88.91762426231031
28.907079059233002,-88.45362119293674
30.870999893383125,-88.81160620250972
32.7707081765325,-89.4349749511153
34.640591601336496,-90.14418453146848
36.49787618460314,-90.886764089273
38.348890262798236,-91.6440127798717
40.21094614869129,-92.37381962662911
42.08745288933307,-93.06554620955488
43.97809493680019,-93.71738806145032
45.86150978770747,-94.39020410027501
46.96097046671028,-94.37632729342411
45.5968069569394,-92.91408405641094
44.2072865560418,-91.47568310478005
42.810132906584016,-90.04450958451136
41.426617166378946,-88.60012790609434
40.060811872803,-87.13914187468524
38.7162691058135,-85.65841728785082
37.39908031016393,-84.15368633575352
36.11918672378509,-82.61705422551914
34.8975476551608,-81.03370845943603
33.79492026411373,-79.36617276732406
33.47475339290977,-77.52838377802021
35.38507975780844,-77.49697239332541
37.169341859756095,-78.39134184529976
38.9198470307549,-79.35605891846936
40.48349467217922,-80.60176241099833
41.995730643968905,-81.91073778309027
43.487690568214546,-83.2426421554496
44.96592416008187,-84.58985278906943
46.43258153320148,-85.94966613268994
47.89546512917614,-87.31367256787307
49.38528775782952,-88.64743926213865
50.91501632620036,-89.93571035425985
52.489649373025316,-91.16916356416459
54.10355198383331,-92.34976705908775
55.746700747224324,-93.49030099920144
57.404714523454025,-94.60843022381712
59.04643653204927,-95.7505864448828
60.66558470880025,-96.92501879146926
62.237617929554254,-98.16030373556248
63.80083808637388,-99.40439784273195
65.59607117149979,-100.27695563114015
67.3860832552379,-101.16723949176288
69.09377866444233,-102.20782744149139
70.87646186269441,-103.11169247710961
72.80000874454203,-103.57067452997683
72.61646151574288,-101.8665331107864
71.55225211954817,-100.17397863857823
70.4238998257932,-98.52262120619645
69.37337041885868,-96.82114901841906
68.41690133378789,-95.0646931433643
67.46581513417004,-93.30513071974971
66.50986814823503,-91.5483857137549
65.54776507470291,-89.79517385703046
64.5949428311219,-88.0367898627401
63.661732059358805,-86.26787502221589
62.763178167536175,-84.48109773063123
61.94414291001355,-82.65711887714258
61.30878777732141,-80.76093784182564
60.59592401815435,-78.89349323595943
59.665996124492004,-77.12406936093883
58.58526272172176,-75.44164718990972
57.446961607416796,-73.79705167228363
56.28960158868576,-72.16574267363613
55.13527521964163,-70.53259327033535
54.00172465356234,-68.88487878359922
52.895172106848264,-67.21917585713109
51.81986763668516,-65.5326588413602
50.77739908786214,-63.8257726055903
49.765426152890356,-62.10108525085835
48.77821357195511,-60.36135091934395
47.743225566111995,-58.650543566159044
46.66803118121693,-56.963846909263516
45.5753122617637,-55.28887313067357
44.470057425863104,-53.6220831918716
43.35380627993392,-51.962304182113606
42.22706917383788,-50.31028862158398
41.08981432897059,-48.66506412032176
39.9587279793112,-47.01560501304772
38.8380691832319,-45.359108658807784
37.728138818189485,-43.6951716887316
36.6308362472494,-42.02328055963222
35.54967295780283,-40.34031760755069
34.496484931284286,-38.640230987699184
33.509748259517295,-36.90100544930088
32.46315620241862,-35.19727957417806
31.320895518078473,-33.555449897066865
30.14809871455123,-31.935270849331406
28.96640851835066,-30.321753047997802
27.782015320518212,-28.710522854082242
26.594453303044894,-27.100986303515434
25.412971881825214,-25.487603853441442
24.243347473790948,-23.865071847492302
23.09416305722403,-22.228249977336457
21.978451752092152,-20.568170867724366
20.914869498812365,-18.874698732551124
19.91869117452781,-17.140772677419807
18.987130304717187,-15.370894708031424
18.10671275243298,-13.575327621639664
17.412342895919974,-11.702694456416065
17.496819898262622,-9.738495276402682
19.125663796820408,-9.112090287945502
21.028583740709887,-9.72148942034079
22.868209001250403,-10.505400162790135
24.678540524445015,-11.356017396483002
26.514909312515485,-12.147006601370675
28.43590449295007,-12.686806469692382
30.297235733233393,-13.36995683889836
32.244384051041926,-12.968840832392525
34.17613008142274,-12.482740619342659
36.17192913372972,-12.583667551014805
37.70418462827598,-11.403873197436042
39.38297999596369,-10.3351737639177
41.294067188666965,-9.753585204910195
43.25809379873856,-9.380990756911633
45.19858314300131,-9.719174988556478
47.1599236505886,-9.411837847575661
49.00997857538983,-9.673258106452412
50.916450350342785,-10.1652745388521
52.911781717677954,-10.03635063163587
54.807348462343214,-10.5900367975235
56.80014822716245,-10.745172285514347
58.78817912666214,-10.938222028878517
60.56741847019671,-11.815863371875096
61.964303863832356,-13.241528533784845
63.119465227398486,-14.872770446094156
64.13641484001192,-16.59458240058019
65.06629151840929,-18.365033544667906
65.93713388010568,-20.165568524785638
66.76535592546892,-21.985759661999467
67.56198774488435,-23.82054455395962
68.33379771981889,-25.665538978168886
69.08339306746662,-27.519588897058167
69.81696460115451,-29.380399531808262
70.5385461629553,-31.245633533933336
71.25040948913575,-33.114438488518665
71.95399706003299,-34.98677412550891
72.64979712870478,-36.86180742587031
73.33821762524336,-38.73967055674513
74.01912338854399,-40.619981044080845
74.69243850699316,-42.50345082550155
75.35725918717175,-44.38954980755234
76.0127111842204,-46.27925460989686
76.65686830821107,-48.17273965156984
77.29290415427917,-50.06877617766862
77.94194808801456,-51.96059109510315
78.5978014308014,-53.84985671177173
79.25890647142774,-55.73757617242442
79.92602181973231,-57.62289284055275
80.60699068764457,-59.503649802342984
81.36985939512593,-61.352053650619204
82.18008639198521,-63.18036282170751
83.00525954231173,-65.00255033422886
83.81393125664148,-66.83074873275072
84.43409194219227,-68.73214933224405
84.97950490658083,-70.65605210545483
85.48094631856401,-72.59221585451766
86.03017012954876,-74.51511269607778
86.7046762288591,-76.39727765322453
87.67066232931712,-78.14279014344618
89.17750774844848,-79.43816043209753
90.89740227360679,-80.45754129553428
92.63335008976969,-81.4503255175441
94.31079300289475,-82.53864945328013
95.92633944669558,-83.71765513973428
97.49493728458583,-84.95820601969439
99.04309173669034,-86.22448691124666
100.60238492086476,-87.47693280896397
102.16714384853395,-88.72220248844123
103.7393398429572,-89.95837494821885
105.31351758612243,-91.19230025586894
106.88348503960404,-92.43132893170636
108.44770810145705,-93.67729061741471
110.0199481762088,-94.91344710773406
111.62224339939263,-96.11057870469085
113.26047914949683,-97.25725094113528
114.9603959987523,-98.31023542825713
116.82415005071648,-98.61177977622349
118.58429471635802,-97.66316613709623
120.31039267837215,-96.6531853224499
122.03399142855345,-95.63879399747972
123.77304982129473,-94.6509514511635
125.52382537744853,-93.6840136728267
127.28113675487315,-92.72907604674026
129.04455686593573,-91.78594940500042
130.8150971306961,-90.85568910351525
132.5867970686406,-89.92731833603233
134.3582976251375,-88.99905204442796
136.2871470695245,-88.52524411565973
138.25328878042808,-88.1603065907042
140.2191583950412,-87.79103519594966
142.18034215619227,-87.39981087356063
144.12057384581678,-86.9180564596134
145.9607678410117,-86.14266911918531
147.80320706675906,-85.38053703160172
149.7287981180212,-84.84113267233367
151.65762350049434,-84.31260165491217
153.58230821044143,-83.76923312920826
155.539970707351,-83.3630787616414
157.5210370166981,-83.08730102309637
159.48571238529294,-82.71629995654567
161.4182692805232,-82.20300330380644
163.30345557500868,-81.53765877138794
165.10865394220764,-80.67926833731076
166.813567519759,-79.6346629838315
168.6013266178449,-78.74037187917497
170.47911712154618,-78.05547817240245
172.4246920358084,-77.597520322075
174.4101731952338,-77.36205045673894
176.38528741662475,-77.0588770644066
178.21160972428999,-76.27010592095584
179.76562221894685,-75.0131632890369
181.53324624335585,-74.14441984970269
183.48572202656416,-73.71954409607453
185.35423302741896,-73.01282963508103
186.93548737367192,-71.79636520505875
188.41902918968748,-70.45537897287011
189.87393762380137,-69.08282941801502
191.35536505140453,-67.73948228094872
192.8759262322649,-66.44062217802042
194.46421304657036,-65.22576445995627
196.01679099937292,-63.96536870803839
197.51982709283325,-62.64628141080302
199.00423576482095,-61.305599901328875
200.54741811111438,-60.033893281037784
202.1650691426518,-58.85841459102203
203.87571906796794,-57.82411347610388
205.7020252216519,-57.01407914232994
207.65171664356185,-56.59449468782198
209.61903811299965,-56.85643194029072
211.2641574884951,-57.96329254060984
210.97827211201096,-59.30637859023758
209.49516608012084,-60.64776551690884
208.01257701532217,-61.98961895995773
206.4268238172142,-63.20692954279809
204.89162069220126,-64.48724335800885
203.45287398037442,-65.87624348861455
202.12373655404707,-67.36943906232872
200.88306516732402,-68.93772673173915
199.57808734042487,-70.4528827667046
198.24214738995454,-71.94113097829585
196.88125704544132,-73.40704946343787
195.49158221512977,-74.84500673156116
194.03576375267934,-76.21571700467727
192.22663528031873,-76.99310963370391
190.5255069693057,-78.03670938341132
188.99090235169044,-79.318044496011
187.52536170292646,-80.6789283397235
185.98305262155827,-81.95134268833485
184.34856431659904,-83.10288885352135
182.6236989950761,-84.11385609386488
180.8171537130224,-84.97118887080633
178.94449310347926,-85.67123128638613
177.02193386480243,-86.22138979889345
175.0658366378164,-86.63634997213958
173.10826330053533,-87.0400183599908
171.28152763577904,-87.8432016715924
169.515443671732,-88.7809924189581
167.701242627529,-89.62281646480403
165.85072243259356,-90.38087221934965
163.9656798164006,-91.04824871335896
162.09111173183976,-91.73962964714009
161.3811891343106,-93.55925307658055
160.3888770554596,-95.29248712781568
159.18647972882937,-96.88995118674606
157.864272297352,-98.39010353780043
156.44540289188345,-99.79921602787655
154.9271824259756,-101.10028289614684
153.2788736636216,-102.23004971296577
151.50866692919706,-103.15770237629194
151.56316363025834,-104.44298269529915
153.36194865733853,-105.31662808258552
155.1709912438135,-106.16961026654003
156.96876041983393,-107.04521836553315
158.71756582085044,-108.01564084119862
160.46442369724338,-108.98897345533081
162.21183542010078,-109.96198826368632
163.95683754769505,-110.93977089448347
165.68281791662895,-111.95000419696065
167.37514339054002,-113.01539978602902
168.96385312091985,-114.22906698165343
170.4835587387042,-115.52936759806649
171.96097303768408,-116.87706538330028
173.40835392957376,-118.25737959772039
174.8314891154916,-119.66237772696273
176.23412409113087,-121.0880819018896
177.6181793655303,-122.53201154455408
178.98446698444252,-123.99269626812074
180.33299156460512,-125.46945860712631
181.6634991622173,-126.96287997413808
182.97412797113222,-128.47345606608607
184.26240985851138,-130.00323949228988
185.5238157502372,-131.55540346985416
186.75014649175478,-133.1350536842478
187.92637526321778,-134.75263729636936
189.0311914845907,-136.41943786367665
190.08648264032107,-138.11861552190857
191.10598625454568,-139.8390786032301
192.09588209241318,-141.5767939308611
193.05864402802868,-143.32992826447676
193.9939034103851,-145.09762924389085
194.89893189810414,-146.88108240567948
195.76655227554517,-148.68309206719758
196.57972556956855,-150.51011769430158
197.31167303826751,-152.37144821901148
197.99863915464903,-154.24948385720327
198.64252157318884,-156.14308923194682
199.23236974348885,-158.05414421827382
199.74145731515023,-159.98785927274238
200.14841235770834,-161.9460511776042
200.5133540489841,-163.9122066658959
200.85190957488788,-165.88363637585533
201.16434973112948,-167.85889628023142
201.43805447872862,-169.84022443897356
201.68047091573197,-171.82506227063382
201.9720622038775,-173.8039981688466
202.30833876264515,-175.7753605291205
202.6873765815874,-177.73908178779735
203.11190390209205,-179.69331218400657
203.59188428178086,-181.6348985581684
204.15418411561674,-183.5538917980304
204.86323649253927,-185.4233247124326
205.72190957324904,-187.2288888326063
206.71479880901546,-188.96475608751203
207.82987898085645,-190.6246166992469
209.05734236086812,-192.20325299001576
210.388623301089,-193.69501883948203
211.81681350199403,-195.09441436789612
213.33578736669526,-196.3951033444951
214.92832872656726,-197.6045129887818
216.53216807267773,-198.79970356825112
218.13445630647468,-199.99676175046523
219.78870362676878,-201.1195790564787
221.58650599518893,-201.98695244685956
223.53766787068673,-202.40684266378776
225.53337230561593,-202.53093912029027
227.53212147069894,-202.60059111037793
229.53090585769175,-202.67028390542356
231.5298089856654,-202.73760915287602
233.52875478379698,-202.80107597914923
235.5272773628228,-202.8775552643757
237.52514043178314,-202.96784164682896
239.51188049933643,-203.1753263535141
240.9999465814646,-204.38657475395797
239.6315343320773,-205.76688350676108
237.86674602120883,-206.7063548996569
236.03239582583083,-207.5017054666748
234.1605497186305,-208.2061858933256
232.2630813383196,-208.83780279575518
230.34461129087214,-209.40311200804433
228.4082366019413,-209.90212206770238
226.47410190314858,-210.41073017627312
224.61303276789752,-211.1357945668482
222.8730235407993,-212.12088237046177
221.27246916016585,-213.31665902436293
219.9009445029016,-214.7686685845349
218.77712604810358,-216.4215160412657
217.636342318707,-218.0639073441111
216.40298068375722,-219.63790677155615
215.0976837568972,-221.15303547071795
213.73284218618792,-222.61447249841635
212.3151897611466,-224.02558278709282
210.84980756826508,-225.3862257830009
209.33815863229745,-226.69578051210954
207.78093549580126,-227.95069305371663
206.1770612654542,-229.14513667085254
204.48130484058134,-230.203604409616
202.69252422686975,-231.0967315934441
200.84572493223732,-231.86399611763483
198.95769967916266,-232.52306017467328
197.03748327961208,-233.08048187782643
195.08981418583343,-233.53515271170127
193.1170709660837,-233.85937623828994
191.12317214511057,-234.0108521142468
189.1245060615729,-234.0788689059002
187.1245426887058,-234.08449650605627
185.12603903896786,-234.01732513226517
183.14077036950184,-233.78884146857962
181.19096758742074,-233.34501929843893
179.2694736590413,-232.79113472090287
177.3827899353644,-232.128186322249
175.53764092016107,-231.35764613325279
173.74025427007427,-230.48116807026477
171.9970250694861,-229.50082724417734
170.3150523155986,-228.41958340078884
168.70019317681437,-227.2401501457719
167.16193912975424,-225.96240304741553
165.7204359046975,-224.57660996757681
164.3351034932563,-223.13431270266736
162.97258899161102,-221.67026417059594
161.5426187459833,-220.27244933392745
160.0674560905062,-218.92169171020387
158.57468003562738,-217.5908896866697
157.06938035950066,-216.27430199503897
155.55265148699596,-214.97036583161054
154.02433658199791,-213.6803286613436
152.48852054989464,-212.39929684090333
150.94968608049143,-211.12144103190585
149.40619181023973,-209.85005644726152
147.85429594237357,-208.58832541717217
146.2923949527575,-207.3391285830232
144.72189550150827,-206.10102401315964
143.14586019288637,-204.86945425846088
141.56744889724345,-203.6414263128546
139.98160651999805,-202.42251540151062
138.3896948071286,-201.2115917793356
136.79221369613623,-200.0087142329211
135.18678732570956,-198.81554231760595
133.57844923855782,-197.62733599321732
131.99769667811321,-196.40219496185838
130.44214831799079,-195.1447337078896
128.90810862742487,-193.86173526426208
127.39163333727289,-192.55748645211133
125.89060229957738,-191.23612882109978
124.40217986425608,-189.89991728334232
122.9251782488938,-188.55161461961032
121.45773861627859,-187.1926517508424
119.9988032209108,-185.8246225756696
118.5474789799195,-184.44883582770404
117.10239294811892,-183.06578669379286
115.66349502927899,-181.6769498131417
114.22970591807979,-180.28258463313207
112.8006958434311,-178.88348495938683
111.37547227473094,-177.48014479069872
109.95379377293534,-176.07350029431558
108.5371775200311,-174.6613596758095
107.1273321663274,-173.2431429079162
105.72495579951286,-171.81735388772142
104.33085937499999,-170.38297607421873
102.9460750362843,-168.9398919726703
101.57079929485404,-167.48799497053497
100.20456535365395,-166.02737379659447
98.84684445692962,-164.55880150268553
97.49693025550178,-163.08336495594517
96.15340356249463,-161.60159310821876
94.81561872033564,-160.1148595832386
93.48242472629111,-158.62382935918762
92.15324342635222,-157.12957811958054
90.8271242172182,-155.6325129603421
89.50422873115633,-154.1324005061519
88.24410456810415,-152.57949146456843
87.02082205926669,-150.99740204075746
85.8205385452453,-149.39779034765473
84.63835175727897,-147.78446208341109
83.43452502621543,-146.18739297373017
82.18097824894619,-144.62909732739644
80.61153818116182,-145.3903413864798
79.13166091170162,-146.73495715172962
77.70262549974329,-148.1341131747831
76.34627741448963,-149.6034798960789
75.07443320089398,-151.14694267375685
73.88025920556949,-152.7507889643673
72.75512431789859,-154.40428471434802
71.69403528062568,-156.09965930915845
70.81200015096846,-157.8910810177212
70.44056106028903,-159.8487470197148
70.48385550299797,-161.84693608736234
70.66330886488997,-163.83889337100098
70.87924414049348,-165.82707243175577
71.22690361084416,-167.79535465355963
71.84918582511472,-169.69499528968925
72.47475182914626,-171.594676580592
73.03314495649036,-173.51491169264722
73.5298417877557,-175.45217150745913
73.95969438907996,-177.40524092974994
74.3245020481132,-179.37162998921542
74.63345780705946,-181.34631534419634
75.38830250633251,-183.1972981833723
76.20670684060781,-185.02194467270192
76.89952427099954,-186.89754484866887
77.44660148024559,-188.82073888972403
77.83882646759972,-190.78101354999467
77.98284304136865,-192.77501033234677
77.97058186592022,-194.77436066806314
77.82909764220938,-196.7692054940574
77.50191064637387,-198.7406911371392
76.82936335916855,-200.62225687230895
75.96662425869334,-202.4260143450455
74.94130460047163,-204.1424463773961
73.70050480683514,-205.7080832426378
72.3075612922886,-207.14288405510104
70.8188104918877,-208.47711664667074
69.34396893780678,-208.1707601215318
68.98309861341491,-206.34416895176747
69.6123736108409,-204.44643757044167
70.13598168243789,-202.51632394618272
70.54231404846534,-200.5592311745882
70.67076021255926,-198.56416111886503
70.69510149887654,-196.56445781445487
70.69835829282856,-194.56474126945832
70.67428462064322,-192.56474104454117
70.55686034215792,-190.5686943736211
70.23897432327125,-188.59494631409325
69.79930445213346,-186.64400080283286
69.27758392975907,-184.71323721427814
68.67662646852027,-182.80582714996706
67.99966647722938,-180.92401989425272
67.25041046313939,-179.06979609698143
66.43281182166743,-177.2445741400021
65.5512439970305,-175.4498485126135
64.60944986823458,-173.6853283456466
63.61199741173153,-171.952060029447
62.56254276576623,-170.24930911636915
61.465341840309264,-168.57736610370387
60.32659254007875,-166.93342680057174
59.12524253502488,-165.3350900632143
57.51133689551394,-164.2059757309667
55.56263616179611,-163.77640051320626
53.56503144179064,-163.70075185194918
51.58399586674699,-163.90478069663558
49.8426953035637,-164.8688312144298
48.441132394644626,-166.29114155066358
47.239468795677055,-167.88922973841426
46.05476367203677,-169.49807549437864
44.7200128133208,-170.9874061282528
43.33768131339977,-172.43282438945783
41.917261689380574,-173.8406229862794
40.43397444809939,-175.1813217521207
38.99538671062516,-176.56805809555004
37.783714820380126,-178.15693892108118
36.809269764378946,-179.90183092899233
36.0742662414975,-181.76029096654105
35.57563192547861,-183.69590700391186
35.30779286304722,-185.676824306068
35.14575140141509,-187.66956317161117
34.71737906667789,-189.62024950103097
33.87100867963862,-191.42702172297754
32.67324783062038,-193.02572337216435
31.37831098855093,-194.54924494542695
30.24588701905712,-196.19675505098044
29.28049886113163,-197.94755755926874
28.48108337684384,-199.78004528412097
27.829146437035597,-201.67033076859076
27.03985914543881,-203.50766315101393
26.19206910204194,-205.31899631080807
25.31982815841196,-207.11871374840325
24.43179403188442,-208.91082318162321
23.531715104449816,-210.6967524959556
22.621213901976823,-212.47751807833367
21.701046079468263,-214.25348873592952
20.771637614987583,-216.02417196768113
19.83231861030235,-217.78991984081108
18.881614059079293,-219.54983282464764
17.928939052559127,-221.30792588814074
16.970206108689307,-223.0635654078424
16.054309662915504,-224.83730082271938
15.505808154372234,-226.75906791735758
15.13632120331721,-228.72445048988396
14.89191946142495,-230.70904187548192
14.641485074754128,-232.69265352234927
14.093612553370658,-234.61300586558022
13.350162745134257,-236.46982691565114
12.566721888773206,-238.30970395030917
11.686043416729664,-240.10399679278723
