978.1466642174169,416.0576927689958
982.4691249022939,413.6410853845039
987.4067789310291,413.1878843203857
992.3426671068833,413.98583256236986
997.1275641488126,415.4151158426394
1001.8690324681447,417.0173992097722
1006.8180157843148,417.5706213803142
1011.8154415779114,417.5663868408203
1016.8117186312675,417.4428880081176
1021.8098891233662,417.2367561289221
1026.7969096822542,416.9889060686081
1031.8010706790087,416.7577925424576
1036.7920721872522,416.6868738547563
1041.7836923034058,417.0373208597403
1046.774426939924,417.2301449351649
1051.7686140102992,417.2599133634486
1056.7822256293205,417.1424927551533
1061.7669940621847,416.8660831727981
1066.747012249827,416.38719890540835
1071.686414600181,415.6065978841515
1076.4762364693077,414.23809384769663
1074.1799276941417,412.7387853142619
1069.241168033026,411.86165782483664
1064.5087844825432,410.27839950300466
1059.6128569614289,409.33416276234385
1054.6785380509436,409.94427362899296
1049.8681811523434,411.3030043945312
1045.0352931646105,412.6019850617647
1040.2392296980095,411.417801024273
1035.4251981056636,410.0778274363521
1030.4718652642766,409.628854704408
1025.510345949005,410.30862253186575
1020.7613546926264,411.84132006600026
1016.1599929422471,413.7907589543452
1011.3668587570187,415.1261972141266
1006.9180308227535,417.3736223602295
1008.5275919584764,420.25884165882167
1012.6695543620472,423.04022382344584
1017.0701523967567,425.41914044671785
1021.6917306701487,427.33622130475504
1026.494012053392,428.72448173285284
1031.4133501732247,429.51589118776525
1036.4203684584786,429.65852805336385
1041.4004223540896,429.3417858702261
1046.391975209883,428.98233481316197
1051.306208178977,428.1000438849795
1055.942219043989,426.22593639923446
1060.3378954536688,423.8695211729854
1064.6695258001453,421.36596761061674
1068.9582092525768,418.8082513588606
1073.2636583158203,416.24673259637876
1077.7418553982225,414.04083758899566
1081.3922477119058,415.9799876894392
1081.3140230458232,420.95852840181766
1080.8564753191515,425.9346107654944
1083.676101182374,424.3678509443039
1086.0157839310762,419.9604206795692
1088.1442863104523,415.4324036909612
1090.0030242069136,410.76683098522574
1090.745325793631,405.8291289885118
1090.9984963426,400.82704344706326
1090.8002615965488,395.8360369028802
1090.1507654054656,390.8773149004923
1088.7587729454037,386.1121325302124
1085.9799884073664,381.9638619148119
1082.4936431610438,378.3841989503934
1078.6661209658157,375.1664727697521
1074.6892136943202,372.1359310764598
1070.7873858719465,369.0241691938639
1068.917370789128,364.4287796432842
1067.2545231934084,359.7085267682653
1065.621698486328,354.9904604492188
1064.0144585072057,350.25253770164574
1062.4418961394915,345.5021543265351
1060.9147894875405,340.738471178174
1059.4535090261174,335.964070280031
1058.0879377881686,331.1419847896118
1056.9388085179144,326.2826917867458
1059.8475661455668,323.93839257157595
1064.431596367357,325.88472559905796
1068.7969251443574,328.358523221083
1073.0478960598653,330.9670370384967
1077.3787550782856,333.45581311919074
1082.3338822822793,333.76550224345925
1087.1871874100893,332.6397822206011
1091.873525777743,330.8769940516725
1096.3984974642008,328.7572128845612
1100.8003399923823,326.39076666013153
1105.0929557140644,323.82234202259036
1107.9309108172858,320.1596534725344
1105.1059792999029,316.14430017846826
1100.778720334649,313.6900424442888
1096.1912967516555,314.0065707758144
1091.912010229702,316.5511730304128
1087.1337666820884,318.00710652369264
1082.1605833401875,318.4348188678408
1077.175046723591,318.1169795123767
1072.2288010599539,317.357657302022
1067.3418394735943,316.3369674165641
1062.4855457191468,315.12838226318365
1057.6775517369351,313.7739730516822
1054.0432773734462,311.4594952269271
1053.703865537524,306.48574862718584
1053.121465297385,301.52236682184514
1052.6641742479596,296.52892831798647
1052.6223475377112,291.55006750887634
1053.3257328672164,286.59311840313023
1055.1403456568958,281.94662002394443
1058.225717806081,278.0421617637622
1062.0927368989564,274.89040744080387
1066.1289257898993,271.9253307537089
1070.3374685854913,269.2363652396202
1074.7892395456963,266.9632942774492
1079.5175878710522,265.34444581276927
1084.452139150267,264.66398768225235
1089.4397190676302,265.05336655446274
1094.2631161400611,266.34240084536845
1098.6102555850225,268.6816465020432
1102.1389406789046,272.2337691234724
1105.4546837814228,275.98382922370644
1108.6607852363586,279.80636041975026
1111.8150550933415,283.693734327787
1114.9182553103055,287.6129345305631
1117.9837339807154,291.5668919131384
1116.8180308765743,295.5040702118064
1113.5377168381738,299.28201354535673
1109.9401065979005,302.74444876098636
1105.5119805947172,304.1457460141332
1101.5404032868073,301.10729797478024
1097.7251498230473,297.8972517558188
1093.8286869489898,294.74851815542394
1089.7541825470926,291.8547710027695
1085.2504394566724,289.73662123329007
1080.2609284744262,289.8198419494629
1075.3033308112342,290.435639001824
1070.3914082601714,291.3139955198327
1065.5385502610575,292.5180329528628
1060.8925720212328,294.3583351467028
1058.0552730576014,298.2836563703446
1056.5017346041575,303.03236353714016
1055.4803224949837,307.9086053566933
1058.5408539663824,306.0877953708301
1062.4634352688788,302.9847240247726
1065.3316111089662,304.52641567797957
1068.7866844735145,308.06452259159084
1073.646387314193,308.4830993143692
1077.788035886876,305.83649611464887
1079.0877220611571,301.15584025955195
1079.5334532706029,298.147831599405
1084.3502829940362,299.4609016126615
1088.8364804506116,301.6318118687812
1093.1579867085925,304.1563319287393
1097.3475126468948,306.8827098073903
1101.4375354343651,309.7543563483953
1106.131150108218,311.47965233051775
1110.7504662428944,313.4227326909452
1115.253388076255,315.59369279529704
1119.5860898555125,318.06514945144386
1123.6301440123168,321.00084584940964
1126.9342804771009,324.7277028385754
1127.9643623088482,329.5289669881306
1128.0325103665439,334.52668642957497
1128.1572909822555,339.52934132504276
1128.320970836535,344.51773497049504
1128.5176145645228,349.52372983558473
1131.672347679165,351.57872088394026
1136.6628313912747,351.46018288654085
1141.6302016820896,350.9616858213161
1146.5404981807806,350.0051269094656
1151.2886324650037,348.45295708196306
1155.6923905616327,346.08644537438926
1159.3255484878896,342.6838921126798
1161.6047431234974,338.2760480686713
1162.361529511323,333.35138725515355
1162.269709075033,328.3426062877566
1161.643946105957,323.3908066711425
1160.6553522043343,318.4940231078768
1159.4220241532175,313.63796025189004
1158.051414437152,308.8402793289286
1156.6367885113632,304.03661938516797
1155.3540038117635,299.19646220953473
1154.8189895824696,294.26228683840384
1158.5849505208132,291.9021824032068
1162.935122732937,289.4782796579599
1166.7165864227522,286.20620541106695
1170.178482544748,282.6133432931245
1173.4451232142446,278.82681166744226
1176.5607496784328,274.90903147375576
1179.4912884826658,270.92854449462885
1175.2299530535952,273.53301164363154
1170.653765032401,275.53699010751086
1165.907164396991,277.08927756023587
1161.044548750053,278.2542499944765
1156.1051358117766,279.07397415867695
1157.146975669472,277.612516612804
1160.5204784269654,273.92853827957293
1163.2958215872527,269.7723326926216
1165.6892026822081,265.3896428920142
1167.7861322234614,260.84601954238457
1169.59481294645,256.1927441488019
1171.0889999578335,251.42131364354856
1172.142741635092,246.53771485088805
1172.4637624750137,241.55107225227349
1172.8475939687492,236.56640347552292
1172.5363431703317,231.60312845227486
1170.1642148183137,227.25109458509078
1166.4319801415313,223.9421821591327
1162.2001312570571,221.28130249214163
1157.7578248292152,218.9828776649124
1155.5055336633068,216.8016110834312
1159.3293471098475,213.628257404038
1162.179627543032,209.5322654936909
1164.0922454084598,204.90662873558426
1165.200787965737,200.04694957555483
1165.6515746191806,195.07070534606072
1165.5435721174829,190.05917886147117
1164.9530392292977,185.1047985041461
1163.933126746318,180.22048850904577
1162.515236162845,175.41584627871345
1160.7341387196825,170.7431093978562
1158.6147786959325,166.22767224198105
1156.164606573041,161.87049300921805
1153.4034589106652,157.70456697254528
1150.3449854361413,153.7425775744318
1147.0089707796744,150.02220207523527
1143.2927033787173,146.66602755980102
1139.0773364827344,144.0079420623788
1134.2780941429137,142.77897439193717
1129.515820828623,144.09878957001018
1126.1071559522745,147.67859440785637
1127.2934600680633,143.164296688754
1128.1379862485087,138.23286775186648
1128.5253749999997,133.24974999999992
1128.4102672064146,128.25575495941231
1127.726126945944,123.30631653741972
1126.4037912736753,118.4907058197748
1124.3915619430272,113.91857112236453
1121.6858404687507,109.7204854221739
1118.3448138400722,106.00297159508142
1114.562788782597,102.73093266567312
1110.4286695885544,99.9447931205676
1105.9344086956676,97.73255944948636
1101.1935523933469,96.21890463940046
1096.250578533679,95.46415434164547
1091.2636836269385,95.53607561625998
1087.4736571534283,95.2525567227685
1087.3814076555084,90.25549114093583
1086.408973209326,85.35828358559023
1084.534044921875,80.73532617187492
1081.7510606803728,76.58890497287538
1078.171702703021,73.11179868265664
1073.9983210355401,70.38612859049769
1069.4235962551095,68.37482075941926
1064.5453888288816,67.25785416572765
1059.5630417289733,67.19997746276849
1054.6479274224394,68.0827665112526
1049.9248174807456,69.71058744628348
1045.419743953666,71.8955458975904
1041.1459798879305,74.45901309162323
1036.9886377983091,77.25554142761223
1034.1571299947682,77.20153752950432
1035.3826153520515,72.4191653694952
1034.9237604956868,67.4658780772499
1033.516637384125,62.677682289884814
1031.5595713938603,58.062273905340504
1029.2626321496284,53.633391557862446
1026.7118936917761,49.33664191207655
1023.9624025268554,45.16073889160148
1021.0288822182416,41.09823213601105
1020.5583049174322,44.084176649860964
1020.2467463603627,49.0748725717776
1019.311585649267,53.98396099685975
1017.700308481719,58.71597057741465
1015.3682994668889,63.12133613937609
1012.2936371687641,67.06680514057474
1008.5662906524158,70.376635109926
1004.201848598177,72.78956949752504
999.3199395904172,73.7653965676127
994.3709779446124,73.1311235854029
989.7098045028484,71.34118405850131
985.3424128134627,68.91759904493
981.1626427035517,66.19406472704831
977.0443885996532,63.36270830252842
972.8865630866787,60.564884343538935
968.6255948836904,57.94375751258896
964.1936702064909,55.63821987444062
959.5479638901338,53.81019260956188
954.6927074307189,52.63946856252572
949.7206862542814,52.19057912174605
944.7146906522846,52.318838799424384
939.7773658801246,53.10892645669069
935.0302175222761,54.63684303088013
930.597785873413,56.94780783081047
926.6540631282328,60.01527357244484
923.3768584249019,63.76739849805824
920.1658799242972,63.16978909337513
915.5747848533754,61.238687767465294
910.606134751004,60.82265148443372
905.6469891023867,61.44079828294662
900.8225940334339,62.7463771429422
896.1574551459275,64.52551336386742
891.6814676072931,66.75384968371468
887.5141560980288,69.50212390514025
883.7934058482159,72.83362914831895
880.7081685734929,76.76899272692849
878.4824007794455,81.2317796894657
877.3427119991331,86.07753105109177
873.475857851983,87.20096909011892
868.518514950023,87.79489210356763
863.6546162044635,88.94688465398356
858.917594249489,90.5741089876617
854.3526972283604,92.60981627259932
849.9608565829661,95.01036628087789
845.7705106158639,97.72011660530156
841.8562695325484,100.81143808904142
838.4147430244772,104.4497298022531
835.5400178403778,108.53713630345456
833.2528752834005,112.96825072540707
831.5292999222204,117.6655084491073
830.3446406515429,122.52761365284623
829.6662969992756,127.46518103289597
829.4783299326896,132.47014819526663
827.3738696365058,136.14013862577818
823.2295643133185,138.92893866689212
819.3654740803756,142.10357366468435
815.7869739969516,145.5848014990301
812.4937284893034,149.333175881194
809.48089782821,153.32837758394973
806.7608969790934,157.53104756218187
804.4549087118723,161.95782995628252
802.6985884536655,166.64025882287245
801.4187224836746,171.46980395011036
800.5389465980599,176.38471733360333
799.9960958336934,181.35817500967687
799.7441269784915,186.3512563012011
799.7463873013107,191.34984673416605
799.9778804291485,196.3460626153945
800.4261996053457,201.3311835222243
801.1031689833402,206.28362136936175
798.2138246178552,209.93971207574745
794.895084013164,213.67989440256346
791.9527747206175,217.71315717794272
789.433805785656,222.04187707757941
787.4385223689867,226.62170613598153
786.0577893084471,231.43024247216857
785.5335687390342,236.38780711522924
786.1605948161435,241.3310880141495
787.6494734709775,246.11161913557203
789.7298593412536,250.6460222195745
792.242487274356,254.96585793092606
795.0762883371701,259.07460350106277
798.1835313301053,262.9989401810685
800.845100917995,266.5650040271877
796.3830300751998,268.79764527034
792.1914666050973,271.5166639492116
788.4855255594448,274.8546572145772
785.8523222225969,279.08070172176593
784.989974280022,283.9839739659725
785.1705514642857,288.96553687300195
786.0600250674256,293.8910190856736
787.5311748166084,298.6722774066924
789.5082554324558,303.2542984400651
791.9479241102383,307.6198820994043
794.7960730136117,311.7231249696458
798.0087161560058,315.5449769287108
801.5549969362116,319.08439349611604
805.3605669977735,322.30568913559836
804.7627345052706,326.4195759519135
803.4500387520947,331.23085656364367
803.1438141205841,336.2081279028981
803.6791578102112,341.17127402973165
804.8571513651236,346.03931059069737
806.4908128194212,350.7519532231538
808.4487363073463,355.3519238289996
810.6129561756475,359.8712350570688
813.1081953033805,364.18631214659115
816.6497634651253,367.6865428458211
820.7729773672742,370.50249095374875
825.1992916277546,372.827607452347
829.8110155586951,374.78355817500096
834.5334297233371,376.42529432792946
838.3822684932425,379.02417840023236
840.6721188251626,383.4712871697969
842.5673195027633,388.0904512426713
843.7861779785155,392.9475413513182
843.2832095935864,397.85445283019624
839.3355386575794,400.57717682274233
834.5402766431232,402.0077321224602
829.9323590196184,403.9325501365082
825.6642269698715,406.5441238286103
822.0227207198853,409.9479972100096
819.2791980529923,414.10402888575584
817.5609518968969,418.80152393534553
816.7980974622391,423.7298986798968
816.6284439160432,428.7295901378421
816.1339997264504,433.7000593429524
815.3921139655857,438.64238140839325
814.5005473899274,443.56483440264196
813.5084589490641,448.4636424727541
812.4433149881825,453.342558209204
811.3185427787541,458.22168258765134
810.1511279720135,463.08111554119347
808.9462128678133,467.9378576473391
807.7111291490552,472.790606392986
806.4579800216702,477.61511446493853
805.1811482125128,482.45218938199423
803.8887718438019,487.2876281150619
802.587270149535,492.1140072325676
801.2797156945089,496.93750625711397
799.9691695067893,501.76747842970013
798.6642275055652,506.6001193746001
797.3806888639534,511.42055669871706
796.1299476360987,516.2724151335012
791.5059535761404,517.9372788527452
787.0451242002493,520.1851481285263
782.9407070275497,523.0460748318699
779.2401560425226,526.4055780732957
775.9504520865612,530.1547877076462
773.0403633707323,534.2332540436627
770.5183093280195,538.5512497844769
768.3939242641702,543.0677247453955
767.7985463275909,547.9288483290671
766.0606171729378,552.5843222697237
762.6876912084626,556.233001066104
758.432311317569,558.8182578878746
753.7695836061545,560.6404355651438
749.2845157683714,562.8526668527126
745.0245379808023,565.4701726238727
740.8996183288883,568.3011739000207
736.8737173285849,571.2664940087296
732.9280236753289,574.3245525213276
729.0343280957266,577.4645358888864
725.1938734938783,580.6647380489387
721.3993558637586,583.9172798056267
717.6498930504071,587.2137410486041
713.9267791250494,590.5655039802465
710.2459170156369,593.9564522203108
706.6147711707279,597.3806925456523
703.0184260047147,600.8583110166996
699.47525465055,604.3855004232712
695.9956651549885,607.9817493878937
692.6259167620344,611.6752392623126
689.4642323072737,615.5404208637251
685.9610432831201,619.1114423452372
682.2296494620856,622.4382418626228
678.4054834139981,625.6474356634869
674.5259637389349,628.8046890299419
670.6165096976414,631.9414552139634
666.7194363215954,635.0584686867746
662.816141322884,638.1973411264323
658.9400968081057,641.3547778175473
655.1020615573474,644.5452212145151
651.3041130195925,647.7928291828548
647.5550806573806,651.1223056601013
643.907594442667,654.5279738538964
640.3731193695069,658.0568725280762
637.0055493552186,661.7467868168475
633.8934424539021,665.6593462764248
631.0526225627168,669.785105446631
628.3338496311634,673.9799118672114
625.6949566877989,678.2235831873228
623.1165192280478,682.5127015310803
620.5959846064281,686.833495412328
618.1331921970217,691.1753885458368
615.7113197610033,695.5623706946643
613.346217742404,699.9626992689034
611.0311214743787,704.3871533098243
608.7638647408509,708.8402844574719
606.539741474095,713.3337581527118
604.3788346205993,717.8295107620622
602.2648892288621,722.3649864631944
600.207373803494,726.9257313565909
598.2150086505377,731.4981473659135
596.2796180872917,736.1087522854805
594.4100699803955,740.7466408093295
592.6074782222635,745.421124134016
590.881266527231,750.1220907428091
589.2408586096334,754.839429118977
587.6893198742262,759.583127107584
586.2315899670945,764.3630190537751
584.8749225317647,769.1883434039999
583.6389586831863,774.0275878472482
582.5291542737384,778.9081186071248
581.5638945946939,783.8160285331278
580.7627703314773,788.7362113545663
580.1406999470255,793.7087254930327
579.7286985848407,798.6938797748791
579.5488393831796,803.6932123665
579.4402624509432,808.6804262285292
579.3251850123664,813.6764027207889
579.204432268183,818.6841247822239
579.0791769967731,823.6876452602984
578.9505205461227,828.672042019606
578.8183455503671,833.6663540882436
578.6829590806368,838.6794795526824
578.5458031529173,843.6775603206015
578.4071390688761,848.6699202014956
578.2672020994653,853.6657842625877
578.1262376951071,858.673749615512
577.985722314308,863.6592136838312
577.8448097160795,868.6709666712592
577.7056836164328,873.6514557582875
577.5671826016942,878.6649487770404
577.4317157276308,883.6503154772934
577.2986430512902,888.6623793582785
577.1702872591808,893.6525238422196
577.0469411739399,898.659558893282
576.9310013136623,903.655253247935
576.8245386324991,908.6488473508334
576.7306660189497,913.6535992756362
576.6551753537049,918.6391299156733
576.6066539479928,923.656461878393
576.6051926913526,928.654904935599
576.7110078351799,933.6530116690849
578.2196180629209,938.1926608564779
582.6871164389486,940.3874651815286
587.473943231686,941.8244633377129
592.3364109254992,943.0006232471327
597.215499387527,944.0619658290602
602.1121938841483,945.0855907234187
607.0020632532444,946.1166303905447
611.8834367990241,947.1969905306879
616.7358682844088,948.3659452351558
621.5663064392892,949.6820629620913
626.3272115068742,951.2030396030252
631.0512378913392,952.8380653622145
635.7656541135964,954.5331630539935
640.4449540595473,956.2517198654019
645.1367618423905,957.9961906272499
649.8201595905579,959.7493304705176
654.4996447373135,961.5059763781456
659.1836216766459,963.2639556590392
663.8628950770466,965.0153140024396
668.5489432561279,966.7602491010169
673.2429771552366,968.4951939393227
677.9334274267725,970.2117817663639
682.6385646415389,971.9122249462512
687.3462528249718,973.5870215581192
692.0707166766424,975.2351361404124
696.8066537940215,976.8470926697811
701.5552665954497,978.4135360149999
706.3190484657316,979.9220704527646
711.1182401285646,981.3597092792793
715.9260637415646,982.6891046427439
720.789474247094,983.872599174607
725.6691138499474,984.9209481963023
730.5167496062887,986.1516108193387
735.3292917582123,987.5367297612158
740.0932185052413,989.0267066208789
744.8401875598998,990.5997151521417
749.5713474560878,992.2329290721142
754.2834242009784,993.9063659879712
758.9768510453033,995.6039048511695
763.6762226753235,997.3196191596985
768.3805634561953,999.038396431188
773.0728822436333,1000.7380231432915
777.7936134573599,1002.4141259068704
782.521999686187,1004.0346300410906
787.2731046504543,1005.5697421670098
792.082527603141,1006.9733780018604
796.9391886873645,1008.1338020582004
801.8932275809118,1008.7935601807827
806.6752638424597,1007.7223981127579
809.9365778039039,1003.9868098620898
811.9073972324151,999.4039262395524
813.1947245396151,994.5767293648075
814.073566290997,989.6483397184237
814.6749679391075,984.6848509823176
815.0749644519126,979.7003942325482
815.3192166970824,974.715516837186
815.4398243729845,969.719536238946
815.4612905017985,964.705695735651
815.427834389452,959.7054709611573
815.0053918869979,954.7317575977929
814.2948628689951,949.7838020716604
813.4881950599253,944.850364379555
812.6366230269657,939.9231227894702
811.7637813640571,934.9898721055129
810.8925869772365,930.0808605256003
810.030509562973,925.1487828496136
809.1994819553965,920.2105131637999
808.4294639164978,915.270434432591
807.7807668165304,910.3236615216472
807.3115845687531,905.3495236460266
806.9284364100098,900.3514512398838
806.6238642320907,895.3670400405975
806.3967230461212,890.3646423953334
806.25432611693,885.3728492728579
806.2068280918155,880.3667098514865
806.2712751625525,875.3803248031371
806.4744218236235,870.3764643346018
806.8565625405714,865.3988496750999
807.4921936472058,860.429720877707
808.440130862217,855.5199468805077
809.548171088636,850.6621160412429
810.7363833154606,845.798894912579
811.9472314387647,840.9488288025804
813.1445355107627,836.0915198150061
814.2890989473509,831.2222085306075
815.33291673292,826.3367165045695
816.2070622788435,821.4146102250675
816.7775924076235,816.438381614792
816.7032933846197,811.455755757514
815.4776891229706,806.6049836923185
813.7034767337951,801.9485971044317
811.6704254054056,797.3634688860996
809.5090475548581,792.8678302171899
807.2562384352926,788.3960591505867
804.9694036307797,783.9467932958363
802.7584747387693,779.4721111166402
805.1187897554377,779.9376461333959
808.8010081307306,783.3163881650589
812.0068851659096,787.1557432869096
814.7078617717775,791.3473375443438
816.9385525477089,795.8267904477021
818.727391873125,800.4992036237519
820.1213274771411,805.2948388698721
821.1732339785035,810.1778807415579
821.9285871819856,815.1191455785614
822.426585544939,820.0946813815219
822.7017315381584,825.1009184650986
822.7818885005843,830.0878265141987
822.6933185629721,835.0889524691095
822.456792325401,840.0883520919964
822.0920631469473,845.0683471306743
821.6136732595901,850.055135152364
821.0397287589045,855.0194870018358
820.385223718471,859.967593993106
819.6645913870295,864.9133318816512
818.8968356511864,869.8602465446702
818.1123924767971,874.7958788846777
817.3601407108576,879.7423233641042
816.7824108570592,884.7152027970253
816.7992426257535,889.7041290920292
817.0608772507242,894.7047355758561
817.3798442682746,899.6790106085846
817.719119416261,904.6817120974295
818.0573485600362,909.6653304552439
818.3861144381946,914.6606970758346
818.6966162136755,919.6415829042854
818.9852503407672,924.637569497648
819.2461954221873,929.628651120216
819.4755451943281,934.6196118792706
819.6696985526097,939.6239928786285
819.8234525010979,944.6151035023855
819.9331329071766,949.6155888342621
819.9936157411732,954.619892125429
819.9994789624857,959.6079070274764
819.9447129281169,964.607347139099
819.8218866393577,969.614217572268
819.6232138669761,974.6080603828885
819.3386406871507,979.5980335378019
818.9555251829047,984.5901108299373
818.4613606605894,989.5566445359658
817.8424557461474,994.5254579437762
817.2660004854991,999.4909754075157
816.8504616542409,1004.4647700982138
816.6998501456719,1009.4754936222341
817.0507769190372,1014.4585140159576
818.5091204855704,1019.2135092599707
822.0385615969265,1022.6489192781614
826.7843822699525,1024.1398675565997
831.721741133243,1024.9477798884957
836.6485513986584,1025.7960331941122
841.5047540322475,1026.9529537845247
846.2670356493061,1028.4846747932193
851.0883332872866,1029.8073886880286
855.9884624571362,1030.8042309412717
860.9317214346527,1031.5753678114286
865.8874690273608,1032.1818794919664
870.8674961073295,1032.6681849022466
875.8484995161432,1033.0618203736103
880.83610328016,1033.3853046555696
885.8353592240128,1033.655479639985
890.8308346574094,1033.884623607935
895.8272418198627,1034.083683326784
900.8189644782835,1034.261331510082
905.819711436953,1034.4255915572294
910.8143468565403,1034.5825355757568
915.8220933456589,1034.7386361565273
920.8145691671339,1034.8983339453325
925.7973471181372,1035.0666833518894
930.8117209597827,1035.249810411334
935.7976139929053,1035.4499948057203
940.7980449034123,1035.6732564662057
945.7878338910538,1035.9228177416826
950.7767053743603,1036.2034186671972
955.7747679223364,1036.5201566931632
960.7573036907465,1036.8759862601487
965.7462081739448,1037.2686693118121
970.7380048568921,1037.6322580375224
975.7161043247258,1037.9532172906995
980.7167394853209,1038.2361221133299
985.7053692841587,1038.4806421376156
990.704551435484,1038.68915878747
995.7007838795423,1038.861860101746
1000.7002438731487,1038.999413535164
1005.6906056847026,1039.1016469134474
1010.6980070642078,1039.1687758278213
1015.6911981622177,1039.1997718172454
1020.6958200335024,1039.1938790821273
1025.6987010551156,1039.149661256465
1030.6860939541125,1039.0656487669314
1035.6983213146952,1038.938714340482
1040.6817161547874,1038.7673043194068
1045.689085056675,1038.5458742077135
1050.679824935954,1038.2712837518463
1055.6624199304995,1037.9372674265805
1060.6541777200214,1037.5345140136637
1065.630366976166,1037.0542991346713
1070.586687208745,1036.4830133332778
1075.5419396871894,1035.797739619715
1080.4677721483336,1034.9712299245448
1085.372162657579,1033.95148947889
1090.202863656865,1032.6581278302303
1094.8818006269903,1030.9178011542663
1095.225187554586,1026.0489614690832
1095.534171875,1021.0696718749999
1095.9253740525503,1016.076594383232
1096.3354277344022,1011.0985910195118
1096.718303540081,1006.1130075883602
1097.0269947769568,1001.1275874012747
1097.2074133294063,996.1247742688208
1097.1815973521248,991.1294075649753
1096.874512433744,986.1299628153032
1096.5521484972987,981.1443214084446
1096.253889907558,976.1524816335886
1095.9690045279715,971.1567530640672
1095.6942911458389,966.1772852224334
1095.4257219522372,961.1799916516765
1095.1632636081572,956.1852222513625
1094.9059825671093,951.1860835110173
1094.6543214214657,946.1933338666717
1094.4082958878867,941.1986401118422
1094.1694112669252,936.2023248019578
1093.942856772445,931.2097110829725
1092.9634479370116,926.6107221374511
1088.0439679642916,925.9489067667128
1083.0500259485245,926.0973418602944
1079.8286381867883,928.920238964037
1077.7141979668086,933.4413529136768
1075.2410351122116,937.7992068908131
1072.053878400922,941.6130179478528
1067.6399526136295,943.9180147351773
1062.806431609136,945.1728705599402
1057.8350958429462,945.757642246166
1052.8471348839694,945.7932561523401
1047.8792744853768,945.2514543868099
1043.085977538526,943.8534836806059
1039.6023620419503,940.4612943854333
1037.6354104146885,935.8521463449972
1036.255340697692,931.0634399222463
1035.4741846267357,926.1128735190555
1035.463792388916,921.1252956237793
1036.4872276418787,916.2385144851578
1038.8041771522091,911.8428886666671
1042.3724077964575,908.3497085786387
1046.530666371988,905.5826790947577
1051.0948257866728,903.5574399191844
1055.9638205790502,902.469622537558
1060.9360310241375,902.5857925697779
1065.6333840622426,904.2381907732415
1069.314235396582,907.5681466480419
1072.8183531006352,911.1023064792977
1077.165354284309,913.5425385735408
1081.9199912226322,915.0503134760363
1086.8714757965208,915.8228666388393
1090.3800148317462,914.6912034288048
1089.5546414288763,909.7714638534262
1088.7061002939222,904.840248082988
1087.8348632064237,899.909283985518
1086.9393330746575,894.996798347652
1086.0087634147558,890.0937970757484
1085.0217170099468,885.1863359065056
1083.9358777827863,880.3031091487036
1082.5693216014506,875.5006945226716
1080.9359247972297,870.7643376120412
1079.2181151588627,866.0714184340841
1077.4555227046017,861.3937436924576
1075.6672493360866,856.7254492870966
1073.8667670495056,852.0687241924352
1072.0521379171937,847.3936313209978
1070.2447753695392,842.7296962056478
1068.4586250000002,838.075640625
1066.7112975685227,833.3900024427222
1065.217831287982,828.6152237119554
1064.0969534725589,823.7464389971014
1062.977630444512,818.8788892567472
1061.826721045546,814.0047044007191
1060.6275076822526,809.1463763947856
1059.3482797729525,804.3187873875424
1057.898445530058,799.5307351943434
1055.5756616163994,795.1847895495652
1050.8902408835472,793.6356620790494
1045.903675648169,793.6379902573472
1040.9702277445135,794.4385875880514
1037.4199976702523,797.5213464526283
1035.8556107453408,802.2763443692701
1033.6704805926722,806.7664175894868
1030.4835595745335,810.5846868292067
1026.4234954309468,813.4829167475701
1021.6664522138838,814.9840112306476
1016.6909137077188,815.1016735793138
1011.7932702016834,814.1208723416329
1007.140743088504,812.2888757390776
1002.86497323782,809.721636280264
999.3346394653323,806.2295818786622
997.899060751379,801.4591301659943
997.7142909353474,796.4735615168097
998.3892252834071,791.5319923365937
999.8622103799681,786.7617697774056
1002.2120675095798,782.3442148752167
1005.5536364565858,778.6469415568254
1009.8864653566577,776.1974804114227
1014.7934600316885,775.3406481830256
1019.7762298417096,775.0031657511594
1024.777975067139,775.0743997535707
1029.4943723940255,776.5652165224627
1032.4541690592769,780.4974361100794
1034.7764854662717,784.8434527105766
1039.5787614714206,784.9735753660576
1043.8611588148515,782.4547540008139
1047.2114994659426,778.7749465827944
1046.120287067164,774.0189960054395
1044.269017630405,769.3882132998633
1042.3355445688608,764.7774882200707
1040.3564913313437,760.1759519178074
1038.352870910031,755.5985196295159
1036.3260611606438,751.0335618384856
1034.2753814027676,746.4741710389144
1032.202564120591,741.9250762848857
1030.1047868584387,737.387626108222
1027.9714694750337,732.858179028136
1025.7850591396987,728.3494734235007
1023.610728301276,723.8547129474405
1021.5248342689727,719.3240820493105
1019.4625551240131,714.7538328560817
1017.4155178616677,710.1916281240881
1015.3685932615102,705.6461284796626
1013.2895017078929,701.0803386581422
1011.1890396095237,696.5524062290501
1009.0401282609037,692.0437769906792
1006.8183969902566,687.5585467901604
1004.4950336642324,683.1236702284143
1002.016350875545,678.7876047187683
999.2279072671982,674.632752808273
995.7350860939029,671.089434343815
991.2240191466215,669.0226132962632
986.2855598144534,669.3604001770022
983.0799396681789,672.3297351465227
983.169219338952,677.317115327862
982.8028163748183,682.2976908180624
981.9142215976121,687.2306264415981
980.3794135158967,691.9793028043566
978.0181294917829,696.3700484028257
974.3560926957132,699.6802962404493
969.7917624929411,701.7447298647934
964.9968121466044,703.10950543879
960.0458049964982,703.7694255805484
955.0663260098186,703.4566866985937
950.458986713596,701.6139597212991
947.2773568165184,697.8250001206538
945.6453480309225,693.1035825316203
944.3130512761271,688.2834940509808
943.4485674180839,683.3749200854528
943.4233723834191,678.3723574558603
944.8106491701174,673.6032808101379
947.885642150444,669.6946027882818
952.069542619631,666.9957254754232
956.7460980933449,665.2363436948156
961.6521818847659,664.3189311523439
966.6471348155516,664.4206398603769
971.5759695906017,665.1998689893469
976.4882809147604,664.7453027867323
980.2235879166781,661.4999019824102
983.412480590463,657.6528258029225
985.7644201353959,653.2568320689297
986.0017505676003,648.3055606794211
984.5733544209434,643.5279658231049
982.5725522613526,638.9487766571046
981.0982644207479,634.1942425076963
977.7126689250471,630.6118620340827
973.1107958943585,628.667943126064
968.5049710874088,626.7963539578009
964.5335820725116,623.7593967073263
961.1765876116106,620.0691346597753
958.3163017988952,615.9794696220459
955.8681152237405,611.6127898237462
953.7950753912776,607.0625902393867
952.0721888880751,602.3775017851929
950.6880795552336,597.5679660555344
949.5590544421171,592.7018490490409
948.190646514553,587.8909098713402
946.6695323682121,583.11774674559
945.0653364784189,578.3874206582888
943.3968479141367,573.6713946431918
941.6813222874234,568.9777888840636
939.9213084857086,564.291878101667
938.1317108075559,559.6415737097597
936.2968209719884,554.9818915738317
934.4279547405738,550.3437132786948
932.5210156885005,545.7242235984468
930.5689466304881,541.1220282814845
928.5610655687592,536.5410870684125
926.4798414427701,531.9970869910046
924.274823392228,527.5080128265312
921.8161129478019,523.1546185652871
919.8854431065702,518.5443008903839
918.6765157089334,513.70800385949
917.9070621251419,508.76010414721554
917.3634826567445,503.78903935446147
916.7870829568835,498.8219134681477
915.4306235786083,494.0480717939737
911.4127452304779,491.12746899491304
907.1831159661956,488.477375620981
902.9122730176404,485.85489646550513
898.6337357859799,483.2760219183891
894.3298986928296,480.7313983939068
889.9994350284238,478.2249963410011
885.6470341604335,475.7671571250112
881.2588327272388,473.36160294171447
876.8474180540463,471.032359608316
872.3743096570971,468.7866957716944
867.8612746688763,466.645622339899
863.4322606583538,464.3252034274193
859.1511734759811,461.74017893588564
855.0519639225419,458.88687014445503
851.1528960148626,455.74821040663824
847.4975957360908,452.32239160387724
844.1467481085488,448.6274469416887
841.125740015357,444.6430143723211
838.4952120123178,440.38464280037715
836.3229350182784,435.89166898159027
834.4928763376699,431.2354525997799
832.8610361301826,426.5119315508205
831.786859100342,421.63543312454243
832.1597089843751,416.68297338867205
834.5909660171869,412.3456555198209
838.1650710989695,412.6148352376011
841.8785089243579,415.9615156606959
845.5587558707277,419.3448184966676
849.2022960492552,422.76988414376524
852.7967170038555,426.24421353474315
856.3237452452781,429.7866854284408
859.7420342080968,433.4340957116859
862.9321216471271,437.2932452103572
865.5921611192676,441.4940068274133
869.1341762152465,445.0405258504983
872.8988188172264,448.3251682426311
876.7562806854858,451.5061431057683
880.6592890915965,454.62363589465923
884.5978370679421,457.7066215669639
888.5453806255962,460.7560990605066
892.5220532728437,463.8026655477958
896.5020073839762,466.8387807942623
900.470229694009,469.865138861783
904.4367944220307,472.90392043801415
908.3919509058162,475.96975910980404
912.3127755129842,479.09009668171507
916.0951868070366,482.3387164744662
919.0330250670156,486.3512391016084
921.3786840398686,490.77433827453126
923.5186125574611,495.2934314270889
925.509663849883,499.8807431709545
927.3296012026148,504.52653446801776
928.7802047934534,509.3249374279978
931.6856551446749,513.2482250151021
934.9713832210982,517.0339643530352
938.2410619311894,520.8048490284127
941.5169751464147,524.5868669438946
944.7903228811434,528.3705244893339
948.0515634482051,532.1458536413113
951.3150272307547,535.9312506855878
954.5725233667029,539.7205699262304
957.8324570312502,543.5311132812502
961.0575467255176,547.3456581621584
963.6827919623518,551.5835987032016
965.6898220199433,556.1575085145871
967.4292668319283,560.8602516792349
969.0206879923265,565.5906663223149
970.5479440760018,570.359959308386
972.0473969013767,575.1223030718377
973.5645186101424,579.8949397567214
975.1229122963387,584.6353930926682
976.7682332191469,589.3589217681887
978.5416311977001,594.0348318174581
980.502412272662,598.6251162580957
982.7898566237095,603.0762155768873
985.4863640746348,607.2869349589713
988.6134710744718,611.1940151855691
992.1735054567459,614.6914310812891
996.176318577739,617.6635541007563
1000.6307085541497,619.9597950827653
1005.4155518792563,621.3542862014003
1010.4013307719754,621.6638407355847
1015.3100554163271,620.7850499007033
1020.1706085609908,619.6494757937121
1025.0896058914914,618.7970334327875
1030.0394067509346,618.0677571065786
1035.0013561323228,617.4041536975122
1039.9671501080475,616.775367394184
1044.9154174491528,616.1629374536759
1049.8740074390132,615.5467077661186
1054.8400760242248,614.9111495668184
1059.8044867151236,614.2395312089819
1064.7373055714702,613.5129397519136
1069.670649953101,612.6912102378385
1074.5824303788768,611.7116690413532
1079.4050889415741,610.428851085663
1083.8539634747656,608.2014929076659
1086.6767017000468,604.1390380426573
1087.846830124801,599.2981488011417
1088.1405225688181,594.2994775312429
1087.9977293021775,589.309807830856
1087.6306106960706,584.3212140987808
1087.1520350479354,579.3398441587046
1086.6309934009464,574.3729725932704
1086.1111737344395,569.4081518604506
1085.6224670645167,564.4252530948029
1085.1911098998776,559.4455518797296
1084.8516908767651,554.45766665606
1084.8119006022932,549.4568864929556
1085.1326498410351,544.4668770331178
1085.8089269083289,539.5125263436871
1086.8245377427802,534.6187015917594
1088.1552496710638,529.7955227838091
1089.7600298885145,525.0700531432435
1091.602602741613,520.4177313695944
1093.623667284205,515.8399493229415
1095.7489124287058,511.3160969792365
1097.8785515599247,506.78895252973473
1099.822059691901,502.1891644479121
1102.7138797182292,498.19748682585936
1106.0310004119724,494.46636939696805
1109.3557591218205,490.7266606813429
1113.5911298563024,490.3395780688973
1118.243010771252,492.18453239262124
1122.6003292102887,494.62831424772764
1126.4459982838493,497.7994484351752
1129.630314280927,501.6529023618701
1132.1120812351387,505.98992116568445
1133.9759761927596,510.622170358968
1135.3422124295787,515.4285730955733
1136.3157303252028,520.3354718628062
1136.97622858693,525.2803775467726
1137.3896068681292,530.2670071998148
1137.6001537237023,535.2687305479562
1137.945373421073,540.2363976835611
1138.9000842183978,545.1438481456418
1140.07680095475,550.0072366426316
1141.3641615484898,554.8386718904536
1142.7183287084592,559.6485303263489
1144.1219277233845,564.4626740736758
1145.549906629601,569.2492933925341
1146.9976329758783,574.0315776725911
1148.4589046868468,578.8197469064568
1149.9205216711598,583.5994019862134
1151.3777386934285,588.386651259766
1152.8165574724171,593.1765815367562
1154.2154491510837,597.9614298326301
1155.5470511020292,602.7772721408506
1156.7056944336928,607.6559652083876
1157.3284258973524,612.6062397837567
1157.7328163022578,617.5879654958726
1158.084843771463,622.5756512630228
1158.46892500321,627.5653615980206
1158.9986635669693,632.5305212279784
1160.0319112852544,637.4217001201541
1163.301085467548,641.1195811544902
1167.061855270917,644.4053489394591
1170.868040252478,647.6533022069469
1174.697082520969,650.8545026145862
1178.5764182747191,654.0265720703811
1182.4776804542544,657.1314747695926
1186.4427666210972,660.1735367151558
1190.5018280781262,663.1131703375027
1194.7056662148093,665.8147868732979
1198.2806378012217,668.4116123104086
1198.5914039246368,673.4125683017749
1198.8992407378719,678.3974287248639
1199.2060536511592,683.3807101490389
1199.5137458302859,688.377555098339
1199.8223318728806,693.3723119948511
1200.131826654397,698.349041444965
1200.4450758528012,703.3363051937738
1200.7639820488318,708.3449414727176
1201.0866751629255,713.3246200883885
1201.416948219145,718.3102161869385
1201.7567105243781,723.3014426766151
1202.108220145326,728.2868076316894
1202.5265392039646,733.2768363178951
1202.9930126126915,738.250176741957
1203.4756900589052,743.2225451550562
1203.9598098545616,748.2072263312889
1204.4330568438654,753.1839277921176
1204.8873490252338,758.1526239039838
1205.3172946421262,763.1374951992165
1205.7137450213588,768.126738342208
1206.0667395629885,773.1112700500491
1206.365415879145,778.1022964077952
1206.5937780655156,783.0992020020797
1206.7285371003547,788.1007985527481
1206.7326509492716,793.1044696837341
1206.5399462735804,798.0971941017884
1206.0058566746018,803.0597020789261
1204.663171225281,807.8572241635236
1202.2940541751618,812.2637664826674
1199.553455361902,816.4445824015806
1196.6334334947012,820.4902700140694
1193.629132917901,824.506256370258
1190.6628765297366,828.5143399579799
1187.7947836930978,832.6142007652152
1185.1450753666486,836.851917880876
1182.8584604431142,841.3107768003015
1181.1646967016063,845.9964110846189
1179.4827755075314,850.707990275675
1177.6309453532513,855.3517855548356
1175.682698346848,859.9645788892296
1173.6764747678708,864.5370279246732
1171.616144570489,869.0990740119945
1169.5159183353044,873.6389114833103
1167.3788449407912,878.1596897561712
1165.2051141925958,882.6630793922985
1163.0002221294571,887.132767125778
1160.7396790799698,891.6022711984655
1158.4232163547758,896.0348531458851
1156.0074056163078,900.414705501729
1153.2408382837614,904.5623499766881
1149.4845230351168,907.8603601462388
1145.2396759610178,910.4864841956501
1140.9044588100687,912.9722552650229
1137.1310144998506,916.1950800703162
1136.8409001077023,920.973886365863
1139.4647945539039,925.1995752287455
1142.2740067132768,929.3315868414513
1144.5277577143368,933.8075034026377
1145.965344793229,938.5792416591873
1146.6009144551374,943.5279247801695
1146.6679282411337,948.5257853038911
1146.7322367220243,953.5380249520014
1146.8354295628142,958.5297778352514
1146.9661471501738,963.5262066308188
1147.1164509424511,968.5246019019143
1147.280192230368,973.5253263255762
1147.451549245581,978.5246089882332
1147.6239630792884,983.5226184430348
1147.7873535919039,988.5207965548711
1147.917688059434,993.5156331009944
1148.010237246338,998.5079933952022
1148.3289153337962,1003.4994819010722
1148.7545612604877,1008.4786467813926
1149.219196522165,1013.4668957206238
1149.6752216796872,1018.4436347656253
1150.0620782118997,1023.4287435243209
1151.663820675358,1026.7836652656222
1156.6165117187497,1026.1768686523442
1161.5794135180029,1025.530907084055
1166.543056929007,1024.8511909309166
1171.4956373021212,1024.1400102822386
1176.4249823902844,1023.3986049519932
1181.3651163920479,1022.6202042034724
1186.2944744874144,1021.8056103729323
1191.230820019557,1020.948458029555
1196.1485643067415,1020.0488541748373
1201.0585756764306,1019.0994134618817
1205.9450880797829,1018.0962389229555
1210.834974738319,1017.0243275121188
1215.7047277424379,1015.8758463773752
1220.5485136087082,1014.6346380116797
1225.3667533630348,1013.2746557147648
1230.1244313858747,1011.7661314844046
1234.82702368927,1010.0386988058094
1239.3701704053133,1007.9985934383966
1243.7057820419739,1005.4955671664269
1247.8546891862331,1002.6970768168247
1251.8691236683592,999.7244774480434
1255.7956550998583,996.6240467788534
1259.64089459861,993.4389259727859
1263.430837474703,990.1793815871182
1267.181416777253,986.8530666397814
1270.871301807391,983.4951386310007
1274.5332914416108,980.0880048658956
1278.156718051425,976.6506111989333
1281.7569785101516,973.1754266196835
1285.3298482691557,969.6718906432862
1288.8749265061597,966.1446687300115
1292.3990170495763,962.5900087814855
1295.8943421502806,959.0175770211592
1299.3593118839642,955.4293065375681
1302.8112061051888,951.8036316166481
1306.5111364158092,948.4760609981497
1310.6330672026243,945.659806406076
1314.7667788543322,942.8311709872755
1318.8563911682138,939.9774048083211
1322.9221728135228,937.0434633495938
1326.9111676533998,934.0238174410035
1330.7954167385217,930.8847929375682
1334.5418808358609,927.5697134465654
1338.05673513597,924.0180860177927
1341.168797240267,920.1123324423743
1343.4269501210638,915.664359041385
1343.6965339143308,910.7250512635076
1343.2421931745218,905.7443300325201
1342.844829063867,900.7592527966066
1342.4773986107514,895.772302276805
1342.1291287194595,890.7847079360627
1341.7949476937279,885.8054167082837
1341.4698567440541,880.8104204637814
1341.1530589266126,875.8217753669642
1340.8421737822027,870.8273156636517
1340.5366359041266,865.8372432278748
1340.2357271773737,860.8555735614527
1339.937637906324,855.8652814729327
1339.6417034350138,850.8663670380354
1339.3484413867484,845.8781767181683
1339.0565920235488,840.8898393447946
1338.7653989012229,835.8995457941353
1338.473907947294,830.9038963999384
1338.1814581971144,825.9082622935084
1337.8876001107374,820.928856631976
1337.5878451561584,815.929870760664
1337.2792587795852,810.945223439992
1336.9439106665345,805.9499161711865
1336.327677734375,800.9902883300786
1335.257822617054,796.1167087140684
1334.0213343376718,791.2636773200794
1332.690766387972,786.4468176037817
1331.286651165148,781.6505358500091
1329.8193337201226,776.8744700154115
1328.2888621656873,772.1071569107072
1326.697456235868,767.3579839656383
1325.0490519083673,762.6501738571233
1323.3273113713415,757.9600375003868
1321.517953987698,753.2881894315864
1319.6080388060334,748.6614569556556
1317.572429465336,744.112873931138
1315.3306622459254,739.6368086221582
1312.7553744716542,735.3617983035558
1309.3096902789473,731.7842429496576
1305.666444744988,728.4163601006571
1302.7216305930394,724.3833659577309
1299.9755609372114,720.2049832795817
1297.3401760448858,715.9639300073924
1294.7710038127302,711.677238714822
1292.2427919896656,707.3489233343056
1289.7592292685697,703.0139166481081
1287.3019399195168,698.6595079322234
1284.8728991677317,694.3028581747759
1282.4496765641816,689.9137346776718
1280.046457151054,685.5256542456647
1277.6560802803,681.1322296492809
1275.2805253340398,676.7427750331913
1272.9116497252805,672.347270322149
1270.542177084336,667.9368033006571
1268.1762919061382,663.5237485612813
1265.8201762835904,659.1245555022521
1263.4557645511181,654.7110247011508
1261.0902748125734,650.3033970195751
1258.722398154874,645.9081875593351
1256.3356978870697,641.5082053230915
1253.932543774509,637.1300977317942
1251.4855560828014,632.7691994617619
1248.936045578897,628.4566398336965
1245.6669427012803,624.7695326168541
1241.389498908572,622.1640902337139
1236.9941729833397,619.7975781398928
1232.5350355323858,617.5281329956492
1228.0446872749933,615.3216770860967
1223.5417376454932,613.1638737117992
1219.0117973460508,611.0351777494889
1214.4710931216455,608.9358381715363
1209.9217389473038,606.8623651792564
1205.3635748155766,604.8125498488647
1200.7875703864693,602.7828446967605
1196.2082786845685,600.7852846159211
1191.61041271162,598.8345916333202
1188.9571573249432,594.6455123172697
1187.1041307276375,590.007305274978
1185.4678808186086,585.2842299715778
1183.950499696106,580.5295456917088
1182.5053929562746,575.738957485616
1181.1171942516535,570.9379501816737
1179.770789282983,566.121872288632
1178.455582024112,561.2837704171183
1177.1723202812861,556.4485389826566
1175.9163613315225,551.6154140709773
1174.6830876536096,546.7787191240468
1173.4688394092823,541.9326268709865
1172.2718720604262,537.0759173032724
1171.0896232552136,532.2013490595141
1169.93178134922,527.3502407133574
1168.7869267329916,522.4724818283958
1167.6672715681902,517.6120658686871
1166.5698476180432,512.7361193786268
1165.5063626477056,507.83465828250297
1164.1874397402469,503.1941087651713
1160.0513274098323,500.3919462873576
1155.9214458853478,497.5702854188334
1151.7934822692869,494.7277606506351
1147.6977773159508,491.884036093728
1143.5959900633197,489.0096112091666
1139.5165676774225,486.1197223119028
1135.46267647171,483.2097750968937
1131.4237986330968,480.261067821341
1127.4105975847635,477.2618654803097
1123.4669514438983,474.2073603105298
1119.6086102155505,471.0096420309144
1116.3368770436196,467.2953389555145
1116.5530622079002,462.31061909971197
1117.075253410279,457.3414114212746
1117.6693898383808,452.37183949688205
1118.2985896779528,447.408842587783
1118.9467297443816,442.4643062200428
1119.6103908770058,437.5057383332864
1120.2826106155287,432.5497459239016
1120.959392740024,427.6008155201469
1121.639930536693,422.6457173982544
1122.3203257012583,417.6966375574087
1122.999844359398,412.7438038296703
1123.6777146999077,407.7772815716635
1124.347633358909,402.82601385348767
1125.0089259479355,397.874215837458
1125.659899592092,392.90626402640896
1126.2915519200114,387.9500172746408
1126.8974838253566,382.98945864728313
1127.462625413602,378.01916776548825
1127.9490568699782,373.0491393193195
1128.189522020718,368.0510456102615
1127.4389426141017,370.72791898751143
1126.6943474496336,375.664208030374
1125.8883127342658,380.5972532782575
1125.0207632549607,385.5308398251093
1124.0950897049142,390.4452132600552
1123.1098174435865,395.34530212811654
1122.0652778485062,400.22381886331266
1120.951868285353,405.1150094000489
1119.7800447058548,409.96238424780375
1118.5376284711458,414.8053481806892
1117.224843999718,419.62816485432495
1115.8362843765428,424.4349477465247
1114.3713120981345,429.21114937861773
1112.8165995874672,433.98043022083834
1111.1829357283236,438.6903161274738
1109.4485850849856,443.38242715619094
1107.6098012219545,448.0404886451371
1105.662742414803,452.6475035514504
1103.5952967004814,457.20310329119394
1101.4022505949688,461.6872858082761
1099.0602763704064,466.1114224986519
1096.5707040602292,470.43357509029465
1093.8969296102096,474.6720703444021
1091.0480998185071,478.7633169967645
1087.971963271129,482.7262971290903
1084.6868522033155,486.47652849918757
1081.1457073336242,490.0036196761721
1077.3314488489443,493.24964861661704
1073.2518813593665,496.1344716451654
1068.8973117203711,498.5621082210545
1064.226157219814,500.3761052280131
1059.468908061959,501.9090230820492
1054.629777488686,503.1583594448724
1049.7307190445315,504.11808387169606
1044.7638437627907,504.7891077939371
1039.783519235895,505.16622373587074
1034.7938153717955,505.25513669254246
1029.7867477912903,505.0604802703861
1024.818296622469,504.5919434104603
1019.8686786089539,503.857228854895
1014.9621953216631,502.8689839324396
1010.1215073280334,501.64372727966344
1005.3397151274642,500.1921071167834
1000.620053916869,498.5265233095332
995.9926476539442,496.6708352591623
991.4279657871243,494.6258711696494
986.9377571645072,492.407779566458
982.5330733497697,490.03400920234446
978.2242989148256,487.52310429804766
973.9730465359892,484.86338159425964
969.7687541888773,482.163332731523
965.5414920553669,479.49056767772703
961.303095608816,476.85404246994347
957.0371344697112,474.245019682217
952.7446384876579,471.66574675863444
948.4415433637498,469.1269609488848
944.1185329375567,466.62392407227236
939.770204187201,464.15405925363194
935.3950598051047,461.7165069712374
931.0171172757957,459.32327835935666
926.6082436323517,456.95621710000336
922.1796904159726,454.6166529789672
917.745896968585,452.3039475508348
913.3069122030045,450.0050294509262
908.869373304675,447.70333859870885
904.4454052796059,445.3751225799298
900.0644789275509,442.99210336366764
895.7282275474566,440.4923507838931
891.4976593404517,437.8261026231528
887.5233016805086,434.7863441022678
884.0187543550259,431.2291019680282
881.0766358079402,427.1906084422475
878.7664165734172,422.7667827688478
877.0959295103902,418.0652473631158
876.0258891772202,413.1841944708453
875.486749227882,408.2113534197571
874.9110931530446,403.6151221847808
869.9844930122102,402.8727379995091
865.2169821963216,401.36930880960546
861.029967702167,398.67555806795065
857.8616157488208,394.82720318757043
855.4664116396456,390.43204424333885
853.3104599395023,385.92837971987615
850.8517644403865,381.590942633971
848.0017455460894,377.4676859497617
844.892938554287,373.565186151028
841.6852870332397,369.73190058804
838.6026535690528,365.7897468935506
835.8706017584964,361.6104135534689
833.616810739994,357.1367273888591
831.8866151575854,352.45790669206815
830.5839720120877,347.62832954762905
829.668168373242,342.71697707338666
829.168752116177,337.7447619223624
829.1969073039652,332.7435779668267
830.0253641359068,327.8250596401134
832.3450389329314,323.44597523619245
836.8107117068328,321.5344672773816
841.6292029580546,322.69397376166944
846.1011249273419,324.96263253593474
850.4395607740348,327.43331758895545
854.5788285508817,330.22744170776036
858.3825726225135,333.48070253063395
861.7033895330801,337.2140820500854
864.5357511689697,341.3356328914429
866.9764477291501,345.69595628646414
869.1531639092989,350.19257788805646
871.1678869730233,354.75818530601293
873.5167700870651,359.1693621110276
877.4105914572924,360.48344328445967
879.0967658637762,355.8217276459339
879.8249417642932,350.8861860584666
880.2245954682978,345.896941257972
880.4359763337096,340.89753287307053
880.516653393479,335.8978147274659
880.6421861731037,330.90521113112595
881.5794525063411,325.9938939115706
884.2491617565379,321.8218319087329
888.198931383133,318.84026803016695
892.9471264739298,317.23709391696406
897.7736673670016,315.97064583379387
902.651927352637,314.84459045609856
907.547510966415,313.8070070201278
912.4420537625813,312.8339777475275
917.3517304993569,311.90744393345744
922.2676784919281,311.0209515843566
927.2083647872098,310.1681368621628
931.2564017952523,307.8858582223339
934.5529880997495,304.112528859145
938.1030334268287,300.5934863473329
941.882932342957,297.3319863973027
945.8832344489555,294.33761945292565
950.0926189675884,291.6377493208844
954.5032050219281,289.27198312213113
959.083829310986,287.30504790144187
963.8571889287808,285.79713283895853
968.7575844986653,284.861512179537
973.751534493659,284.61822178230426
978.7264138262221,285.14747929182056
983.5472120329508,286.41633723998524
988.1445449735477,288.36858350769177
992.4402948718666,290.9411141571405
996.3267089991571,294.0739526677134
999.640594498694,297.81421899503493
1001.0165197364315,302.4597680745872
999.4325219994113,307.1871791031512
996.7632963109015,311.40549780941035
993.2382562441826,314.9193680887225
988.7841366462037,317.18418587139274
984.1937909540534,319.1933901426794
979.4327970700264,320.68262792778035
974.5399056869717,321.6769787570352
969.5701787923957,322.2559825024272
964.582601341568,322.4905177355337
959.5753813782707,322.41108186734493
954.5996079735077,322.0533250629932
949.6238503436969,321.48939310439704
944.6636902189227,320.85913621300574
939.690520998478,320.4096591687205
940.0620714849541,317.70156277589433
943.4542715250524,314.04343632434615
947.3037805108429,310.85296692854195
951.4968441645503,308.1252389491203
955.7972861535801,305.5926204392512
957.5475882492066,309.7192352561953
961.3465539306849,312.8506229697692
966.2426726869605,313.5361781800978
970.826506733179,311.686862487376
973.5711746063232,307.6164554862978
973.2342938232421,302.84428624725365
978.1434918558598,303.32922463873797
982.9354584712981,304.7944662279489
987.5143134577274,306.7644904957192
991.9036968909855,309.16586235290504
996.6724533319473,310.55887391233466
1001.5924101964235,309.9211480616929
1005.171025176486,306.595166667496
1006.0878329164833,301.72466849072293
1005.5581814824025,296.7602005959546
1004.7090620411634,291.8273845001461
1004.0448547056764,286.88519166679697
1003.7621715472936,281.89750550282014
1004.1595745396231,276.92233525805193
1005.4634333801268,272.0819018554689
1006.22673846215,267.21622724056255
1001.9072866530371,265.1397141217227
996.9501887619281,264.4413343486666
991.9638706369217,264.0589663748911
986.9645056373856,263.84684603533503
981.9674244422913,263.7541663627626
976.9750383105352,263.7596260981189
971.9795154323447,263.8664145804412
966.9861469187128,264.22109281635727
962.0369504135737,264.8629468272794
957.1031048216912,265.78051682230375
952.2422969169315,266.9474926735501
947.4503158981419,268.3470186547712
942.7222523127773,269.96544551346904
938.069652190379,271.78517539832046
933.4854544650223,273.7968370277632
928.9962865561203,275.97693612557515
924.6608181980849,278.46613790082944
920.7241653507629,281.53994285641534
916.7881098124441,284.6132814230548
912.8388472990345,287.6969322186504
908.9081956034954,290.76605137368307
904.9664304469524,293.8438481065549
901.0202540916675,296.9250891778223
897.0797798722263,300.0018779252265
893.130355025962,303.08565547305363
890.2326969099682,304.1366190476704
890.9977986035707,299.2022986666696
892.1161581181103,294.3213379441994
893.2677407680796,289.46226210204065
894.2692139347633,284.5552731928911
894.8990945363487,279.60299010753994
894.7887064378756,274.6135215762146
893.1952032457373,269.9059507104424
889.4951307276509,266.660414424137
885.1370396398455,264.25300062947736
881.5430700073242,260.7740968322755
878.7018915481567,256.67776406478896
876.4698395932037,252.2031903342746
874.7701585797888,247.51375875426115
873.5578638343959,242.65948843263848
872.876075982213,237.71077678817528
872.9221121573019,232.71451288425104
875.7051158637962,231.41443350703472
880.2826894961358,233.44837877067172
884.932757412312,235.302232323809
889.6345990529358,236.9813366357537
894.403900253747,238.48632950027854
899.2275884654484,239.7897354509329
904.1169231449328,240.8457195549106
909.0581373542249,241.55411441291886
914.0587772921431,241.69341612045042
918.8976327369212,240.57759706318393
919.065207805533,237.07733582566973
914.4626858632707,235.12938166865453
909.7837493653035,233.3826717805259
905.1654871617295,231.45321808317226
900.7236787049308,229.174218505248
896.583827507963,226.37628650864195
892.9961676380871,222.90352512545027
890.3336597223654,218.68960929897247
888.9414461432743,213.90547324697323
888.8011635182538,208.9207174348493
892.4527788751801,207.2188293643842
896.6486673554308,209.93465383258527
900.5408545295131,213.06031005672747
904.4116647284192,216.22734997960006
908.3741980396733,219.28660706340122
912.5019108559655,222.0797606736386
916.9355798531518,224.39674966354994
921.740629963941,225.72949007404378
926.6788276124357,225.28642724302892
925.4876499567381,221.2659989079192
921.7499223110405,217.948546273595
917.9062027282714,214.7441760253908
914.1760314444573,211.42874923523533
910.7492340060521,207.7685808405701
908.2851817225059,203.45852665764858
908.996038482441,198.72253104602098
912.3513638541831,195.0091862681653
915.6834821043151,191.2960732088648
919.0071584346944,187.54667181750673
922.3076686330063,183.79508431967366
925.6072637634276,180.02396420288105
928.8908680238359,176.25435178803016
931.731938701704,173.60575228902715
931.9747663391913,178.5920386863832
932.722286166191,183.53388626289384
934.0204575945753,188.34833252833428
935.9988525750415,192.943931672945
938.7973320875528,197.08057683531632
942.4875274029029,200.42094183153273
946.953403655374,202.64744436393556
951.8372468373981,203.65854439019841
956.8285800535551,203.64104769076917
961.7597143490005,202.88534810885804
966.656043010268,201.805375450866
971.4738888927042,200.48648905316384
976.2216844762235,198.92590338518627
980.8801714510499,197.12863287936682
985.4547206183884,195.0901097412339
989.9033449859074,192.82670948246513
994.2398179731936,190.32715160444397
998.4246295400335,187.6054598820211
1002.4627141105615,184.6404197861256
1006.2951457564669,181.43619361786187
1009.8634212972472,177.93203226653878
1014.0435984012868,176.03337400288888
1019.0339273331006,176.07428654910922
1023.9531077179907,176.92128074312228
1028.4205460190908,179.1328692174631
1032.4097090189875,182.15137715795
1036.465526481484,185.07465087495854
1040.7387734044846,187.6539933789199
1044.8507263183592,190.4707411499025
1048.403885669329,193.99182173999066
1051.4586591046107,197.93860357384844
1054.0930713111748,202.1874526088293
1056.33889344315,206.65756802684797
1058.202615463997,211.30390990441006
1059.6564597088916,216.08903150109032
1060.6310594259426,220.98046339948306
1060.9816543278498,225.96501901186343
1060.3817701018452,230.91525219412165
1059.5827955281864,232.84708289550076
1061.5240702051833,228.23775554016038
1063.461979368081,223.63641920040726
1065.4056770734637,219.02133865045028
1067.3455498657227,214.4153399047853
1069.2880202379226,209.80317351245895
1072.6484625250018,208.65297593354356
1074.6898930116492,213.2055307828981
1076.318572396533,217.93066658985197
1077.9384950507833,222.65503140139128
1079.700790987003,227.3502402922246
1081.7133172571941,231.92850627167385
1084.12180839674,236.28457480186063
1087.189063501603,240.23963599907518
1091.1897776823903,243.17447449002813
1095.842890094757,245.00856754684463
1100.6516691171405,246.3495900038716
1105.5892545559004,247.20339567392253
1110.5716896476745,247.56491521072402
1115.565798419021,247.41940583870576
1118.6781110025315,249.26156518060822
1119.3096532477948,254.20940497407275
1119.8702378530168,259.18723639158145
1120.394367436619,264.15445486469656
1120.8974681749228,269.1258140787941
1121.3858342722613,274.09485632761687
1121.8660714800972,279.0835877821946
1122.339578046144,284.06399478038475
1122.8159495705486,289.04311903994636
1120.3461121232099,285.9486733317852
1117.6032430806997,281.77385589635594
1114.9428248336449,277.533532876195
1112.2895728067344,273.30200048876105
1109.3834718921482,269.24007028710116
1105.8586783671788,265.7011169816378
1101.7168270353673,262.9147503997089
1097.0610135551624,261.1006307734681
1092.2015645128517,259.97900373302906
1087.2438842948534,259.28878028982706
1082.2611095684292,258.9361094087902
1077.2609326154943,258.88760564879317
1072.2579519509645,259.1613051236285
1067.3120475117958,259.8389049835274
1062.508181255519,261.18445833361164
1058.3004502611157,263.8314424943925
1054.82751161817,267.42409883255505
1051.917442259343,271.4923160345574
1049.4859863339007,275.84850614585923
1047.518478396853,280.4486704929975
1046.1547539062497,285.24644140625014
1045.3938454331155,290.1723545527459
1044.9630031127926,295.1577614746095
1046.1506685201568,299.98302294017196
1047.6463464464262,304.73415253210334
1049.019206963561,309.5482880690248
1050.3473639952408,314.364519035593
1051.6618344203762,319.205366518584
1052.9644251149841,324.0286052204625
1054.2732115866056,328.8566639519621
1055.6039449096957,333.6745596400167
1057.0428117556567,338.4629428987504
1058.8536651403244,343.1178319620997
1060.7545923218975,347.743856915568
1062.672477256715,352.36397084051373
1064.5618201645236,356.99275643936545
1066.3648176436793,361.64165760179617
1067.969493971382,366.3914671266927
1068.9941063850965,371.26855089303854
1069.771471676087,376.22300437558823
1069.7615151325592,381.21201375791065
1067.8986244872658,385.76438182088737
1063.7222424055335,388.3872630561442
1058.9470514500586,389.87407900259086
1057.899276561379,386.67665921400487
1060.3004452514645,382.2845714454651
1060.1595629653928,377.72576068258286
1055.8645866022107,379.5636959947944
1053.347981442928,383.86164643383034
1050.1301806267836,387.66849613068
1045.9055197667076,390.3030204949473
1041.007152740478,390.7117742309571
1037.1265049262042,387.7770909706355
1037.0489057603475,382.90384764598315
1038.6542051086421,378.1798206710816
1034.6801198215312,376.0690940948464
1029.7018295524433,376.21697035634145
1025.084280820727,377.995883095026
1022.8546780179585,382.31772983582874
1019.3706644973751,385.54734631061547
1014.4888852539059,384.90086956787115
1010.5783138647075,381.8590262864828
1008.5367180153293,377.3566202708606
1008.95425615833,372.42729715893233
1011.1343058380494,367.933892657086
1013.8947107898337,363.76776424301977
1015.8438748165886,359.2223478424102
1011.8119929535525,362.0954612259242
1007.7054612674513,364.9437855237701
1003.6128487057681,367.8281517781615
999.6100026847714,370.8024436962977
995.7037597247729,373.94517997850755
991.9685580677487,377.26409788945466
988.4376064456919,380.78078388140074
985.1863973993767,384.5885851226836
982.3058090782057,388.66547887369984
979.716936939812,392.954961052876
977.3911225705357,397.3772831514664
975.2904908775859,401.9053725370951
973.3861505562758,406.5347415743433
971.6779396557473,411.2266277272664
970.1585135695633,416.0076674030535
968.8786241014519,420.8380933773518
968.0913988998601,425.76877527117733
971.2117488708495,422.84153833007815
974.7449297593153,419.303240931131
